Path = ([484, 46, 527, 92], [484, 94, 527, 139], [484, 140, 527, 186], [484, 187, 527, 232],
                         [484, 233, 527, 279],
                         [528, 279, 573, 324], [574, 279, 619, 324], [620, 279, 666, 324], [667, 279, 712, 324],
                         [714, 279, 759, 324], [760,  279, 803, 324],
                         [760, 325, 803, 368],
                         [760, 369, 803, 412], [714, 369, 759, 412], [667, 369, 712, 412], [620, 369, 666, 412],
                         [574, 369, 619, 412], [528, 369, 573, 412],
                         [483, 413, 526, 458], [483, 459, 526, 504], [483, 505, 526, 551], [483, 553, 526, 598],
                         [483, 599, 526, 645], [483, 646, 526, 688],
                         [439, 646, 482, 688],
                         [393, 646, 437, 688], [393, 599, 437, 645], [393, 553, 437, 598], [393, 505, 437, 551],
                         [393, 459, 437, 504], [393, 413, 437, 458],
                         [348, 368, 393, 413], [302, 368, 347, 413], [255, 368, 300, 413], [208, 368, 254, 413],
                         [161, 368, 207, 413], [117, 368, 160, 413],
                         [117, 324, 160, 367],
                         [117, 279, 160, 322], [161, 279, 207, 322], [208, 279, 254, 322], [255, 279, 300, 322],
                         [302, 279, 347, 322], [348, 279, 393, 322],
                         [394, 233, 437, 279], [394, 187, 437, 232], [394, 140, 437, 186], [394, 94, 437, 139],
                         [394, 46, 437, 92], [394, 0, 437, 45],
                         [439, 0, 482, 45], [439, 46, 482, 92], [439, 94, 482, 139], [439, 140, 482, 186],
                         [439, 187, 482, 232], [439, 233, 482, 279])