[815,491,910,588]
[10,492,106,588]
[9,61,105,158]
[814,62,912,158]
[596,482,652,536]
[685,480,743,537]
[597,574,652,630]
[686,573,743,631]
[181,479,239,535]
[268,479,326,535]
[178,572,236,629]
[268,572,326,629]
[181,68,239,123]
[271,67,328,123]
[182,160,238,216]
[271,161,328,216]
[594,66,652,123]
[685,68,740,122]
[594,161,650,217]
[690,162,744,217]
[528,279,573,324]
[574,279,619,324]
[620,279,666,324]
[667,279,712,324]
[714,279,759,324]
[760,279,803,324]
[528,325,573,368]
[574,325,619,368]
[620,325,666,368]
[667,325,712,368]
[714,325,759,368]
[760,325,803,368]
[528,369,573,412]
[574,369,619,412]
[620,369,666,412]
[667,369,712,412]
[714,369,759,412]
[760,369,803,412]
[483,413,526,458]
[483,459,526,504]
[483,505,526,551]
[483,553,526,598]
[483,599,526,645]
[483,646,526,688]
[439,413,482,458]
[439,459,482,504]
[439,505,482,551]
[439,553,482,598]
[439,599,482,645]
[439,646,482,688]
[393,413,437,458]
[393,459,437,504]
[393,505,437,551]
[393,553,437,598]
[393,599,437,645]
[393,646,437,688]
[348,368,393,413]
[302,368,347,413]
[255,368,300,413]
[208,368,254,413]
[161,368,207,413]
[117,368,160,413]
[348,324,393,367]
[302,324,347,367]
[255,324,300,367]
[208,324,254,367]
[161,324,207,367]
[117,324,160,367]
[348,279,393,322]
[302,279,347,322]
[255,279,300,322]
[208,279,254,322]
[161,279,207,322]
[117,279,160,322]
[394,233,437,279]
[394,187,437,232]
[394,140,437,186]
[394,94,437,139]
[394,46,437,92]
[394,0,437,45]
[439,233,482,279]
[439,187,482,232]
[439,140,482,186]
[439,94,482,139]
[439,46,482,92]
[439,0,482,45]
[484,233,527,279]
[484,187,527,232]
[484,140,527,186]
[484,94,527,139]
[484,46,527,92]
[484,0,527,45]